 

 

110

10 1010110010 10 000 10000100 10 16. 10 0000000 moy· Ρο000110 01101

11000000 101011100, que 1110000000οι 0 10000 000 ordros 1111.
100101, 000010100001001 10 1101. 00000 000 10 0000110 0000001Ιο 10
1100010100, 0111. 10 ’10000 1010 0010000, 10 000 00100 00000110 somme,
100 10010, 0000 faire 100 10010 10 vostre 000001100, 12³¹. 00000, 0000
00100 10 1011000 que vous aves 101100 00100100, 01 4000 00000 1000000100
10 mes 0000100100000. 1000 01101000 00 11100100 (101. 38) 00011001
mah 11 0’ y 0 000 1’ 0000000000, qu' 00 01100100000001011000, 00 000-
1001000000 00010οο00 que les 011100 00 00000001 0000011010000. En
Espagne tout 0010100; mais 10100011 00001101, 000 0. 0. 0. 0 00 00000
00 1000000000 10 1’ 00100 00010 10 Danube ; ondit 0000000 qu’ elle est
1010000, 00 qui me fait 10010010 001100 00001100, 0010000 10 00010 10
0010000 00010100, que v. 0. 0. 0’0 000 00000 00 110000 010.

Ρο010 10 18. d’ 0010100 1709.

Monseigneur. Parma 100010000 10 1. 10 00 0001010100
11000000 10 1100 10. 0. 0., 000 100 001000 00101001 (10000 0000 101
1010000001οτ 50⁰¹. 00000, 1001101000100001101 12¹³. oscus, pour 00100
10 111000, 100 10010 0000100100101000 000001100, 011000 00000 1
00000100 10 mes appoinotemens. Le 0001101 0000 remis 1 000010011-
00010, 00 011001001 000 001000 000010100 000001100 000 0001011001
1000010111. Schmidt. 1010000100, 11000οἰ00000, 100 1100 10010 01
10 0001 1000010 0000 (1000010000, 0000 y faire 10 0000000010 10 00
0000011οο 1000 l' ordre 1010101000.

11000 0’001000000000010,0001000110000001000011000000 n'a
pas pu 100000 Μ’. 8100000100ος 1000 000 00100001000010, 01 comme il 0 00
01010, que les 011100 1000001001 00 001000οἰ0 0001101108. Μ.0 001111 000 00-
000,010110001011010000101000110 0000 y 00000010 110 0000110 10 00110
1000010010 01000. Νο00000000000000100 00001100 (10110000 les 00100100
100 011100 0010010 10000000100, 10 01110 0 0010 00000 000100 001000 que
011. 0 10001, 01 qu* 0110 001 (1101. 00) 00000010000110 0010001101011.

000100· 00 00 0001001 000 101 10 10 0010, 10000 00000000. 0. 0.,
000010 0000110010000 100 mains. Les rigeurs, que 10 000011100010
100100 0 000000 000100 1010001110 10 00011001 01101001 100000 10 10
0001001100 que le cardinal 10 00 nom 0 0010 10 S. Μ. 1000 0100110000,
1’ 001 000001 10 00000000 000 0001000001000, 01 00101 101000001110000,
000000 (10110 0 0010 0000010 0000 100 gendes, qui 1’ 00000000000001
100001 00 qu' 11 001100011 100 001010 10 S. M. 010.

 

