350

pris 111 parti de 1“ 11 11111 11111. ou 11 s' 1111111111 1 11. 11 Gene-
111 1111111 11 11111111 qu' il ira vous 11111111 11111. 11 1111 prie, 11111-
11111, d· 1111111111, 111111 G. 11111 111111111111111111111. ll 11111

- 1111111111111 1111111111 1111111111 111111 11111 111 1111111111 de

1 111111 nem, azert 11 111111111 Generalis 1111111111111111 doh.
111, 1111111, eo 1111 11 11111111 11 11111111 maga 1111 111 111111, 111111-
1111 1111111111 111111111111,111111111111111 11111111, (111111111111 11
111111 1 11 11111111 1111 111111 1 111111. 1111111111 11111111111111
1111 1111111111111111111111 11111 1 1111111111ηῶ 11 1111 1111
111111, 11 1111111111 11111111 1111111 111111 11111111111111, 1111111111
11111 1111111111 1111111111111111, 111111 11 1111111111 11 nem 111111 11
nem 1111, 11 nem 111111 1111, 11 111111111111111,1111 is 111 11111
11111 11111111, 11111 1111111111111.

Je suis parsaitement et en 1111111111 auec 1111111111 11 11111111
dont nous 1111 1111111111

11111111 ᾗ
11111 1111 humble et tres
1111111111 servitem·

1· 1111 11111111.

111 le 11 111 1’ 1111111 1711 1111 111 1111111111.
Respondet le 15.

(Origina'l.)
31.

111111611111111111111111111111111111111111111111
’ (111111 111111Ρ11111111111111111111111111. 1711.

1111111111 Groff Generalis 1111111111, 1111111111111 111.
uram 1 1111111111111 111111111111111Ρι11111111111111111111.

1⁰²⁰. 1111111111111111 11 1111111, 111111 1111111 111 11 11111, 111111 11
11111111 1111111 (1111111111 1111 111111111111111111111111111, 1111111111
11111111 11111111111111111111111111 11111 111111111111 111111
nem 1111111111, 11 11111111111111, 11 11111111111111111111111111
, 111111111111 11 111111111111111111111111 111111, sem mi ὅ 1111111111,
11111 111111 nem 111111 1111111111111111, 11 11111111111111811111-
11111111, 11111 1111 11 11111 1111111111111111111111, 1111111111111-
111 111111111111111111 11111111111111111111 mind 1111111, 11111111 11
01111111111111 111111111111111111111111111, nem 11111 1111111111
111111 111111111111.Ι

 

