290

valo 113000111000101001000010110101000010001. Κ110001010001
0130011011000 1130100111030 0 00110110010010 111001 01101
1011010100 0’ (101301 0010110030 00 3011101 110010 0000 011001 diffi-
001111100 0010101 00 0011. 0000031 confederatus 01010-
0011010010 001113011011003000030110010001011000 000
0001011001 0010101000 01011 03000100 11 nem 00001001 0110 0060101

. 101011 1000010300100100 1100010000000001 Εο010101000

0000011 1101 01000 mi 000130001001001000100 0000101 10010101
0 10]·001010000631000 030 11000 0011130101 0011101 mint
1100101οἰ 1010001000οΙ 00601-10 130 10060 00 01010310, 13101.
10001110 00030000 0000 1130 00011001001 000010110101 001001-
0001101 0130 0000001100 00 subsidium (101301, 10030 00 be'kes-
003001 10101000 00 0001010, 0010110030 001 000 10 101001
110000001.

1100011010110 001001 030 10111001 1030Μο101001 porta· 0003
10310 00301101 0 10110301001 00030 10010000011000
101001 0010 03011101 110010001 10030 00 0010113 00101
00001011 0000000001000300000011000 00 00 000100

10001000 11101000 00001 0100101 001010000 00030 10 00110001100
Kgld. S ugy 0000 111Ιό001000 mind 00 11300011100010100101001
mind 0001310 0 800000000001800000110001 00 0100-
100001 10 0110301100οθ 000000001οά 10030 mi 10 01010001100
11000001 0101301001 0000001010001000 10000000001. 111
- 00 0101301 most 10 030 0000010 mint 00 0100111 000110 meg 1001101.
datum eger 1000000111 0001111706. ’

F. Rakoci m. p.

1100010000οε

Α Μο001000

Μο001000 Ρ100 Μ111100
01 1110101οο011.

Ρο0000100 19 Αο011110 1706.

 

